<?xml version="1.0" encoding="UTF-8" standalone="no"?><svg width="116" height="16" viewBox="0 0 116 16" fill="none" xmlns="http://www.w3.org/2000/svg">
<g clip-path="url(#clip0_10637_54872)">
<path d="M0.00999451 9.735C0.00999451 7.325 2.59999 7.01 3.45999 7.01H5.42499V6.83C5.42499 6.485 5.27999 5.96 4.77499 5.715C4.06499 5.345 2.65499 5.46 1.47499 6.205C1.32999 6.295 1.14999 6.26 1.12999 6.07L1.05499 4.9C1.04999 4.85 1.06999 4.795 1.12999 4.76C1.95499 4.27 2.94999 4.02 3.89999 4.02C4.84999 4.02 5.86499 4.3 6.39999 4.865C6.91499 5.41 7.15499 6.24 7.15499 7.31V12.03C7.15499 12.165 7.05499 12.24 6.92999 12.24H2.95499C2.06499 12.24 1.36999 12.075 0.869995 11.68C0.309995 11.23 0.00999451 10.575 0.00999451 9.765V9.735ZM1.82999 9.75C1.82999 10.06 1.97499 10.295 2.24499 10.52C2.50999 10.71 2.77999 10.8 3.07499 10.8H5.42999V8.465H3.54999C2.13999 8.465 1.82999 9.31 1.82999 9.75ZM8.41499 0.93C8.41499 0.81 8.48999 0.695 8.62499 0.695H9.97499C10.11 0.695 10.23 0.815 10.23 0.93V12.025C10.23 12.16 10.11 12.235 9.97499 12.235H8.62499C8.48999 12.235 8.41499 12.16 8.41499 12.025V0.93ZM11.565 0.93C11.565 0.81 11.685 0.695 11.8 0.695H13.16C13.28 0.695 13.37 0.815 13.37 0.93V12.025C13.37 12.16 13.28 12.235 13.16 12.235H11.8C11.68 12.235 11.565 12.16 11.565 12.025V0.93ZM14.57 7C14.915 5.64 15.945 4.03 18.355 4.03C21.655 4.03 22.07 7.09 21.97 8.575C21.955 8.71 21.87 8.8 21.735 8.8H16.41C16.5 9.85 17.4 10.62 18.465 10.71C19.535 10.785 20.375 10.5 21.1 10.075C21.28 9.94 21.41 10.045 21.41 10.265V11.29C21.41 11.545 21.395 11.635 21.245 11.705C20.61 12.075 19.75 12.295 18.445 12.24C17.17 12.21 15.96 11.705 15.22 10.67C14.685 9.93 14.42 9.04 14.42 8.14C14.415 7.74 14.46 7.355 14.565 7H14.57ZM20.06 7.325C20.06 6.04 19.145 5.595 18.36 5.595C16.91 5.595 16.44 6.735 16.44 7.325H20.065H20.06ZM25.37 15.495V14.3C25.37 14.11 25.515 14.065 25.715 14.11C26.06 14.14 26.765 14.21 27.27 14.185C28.04 14.125 29.21 13.875 29.21 12.525V11.545C28.54 11.97 27.73 12.225 26.89 12.225C25.63 12.225 24.405 11.69 23.65 10.655C22.625 9.235 22.625 7.03 23.65 5.62C24.405 4.57 25.635 4.025 26.89 4.025C28.145 4.025 29.39 4.57 30.145 5.62C30.68 6.33 30.915 7.235 30.915 8.12V12.025C30.915 12.56 30.855 13.165 30.69 13.665C30.465 14.36 30.04 14.935 29.405 15.295C28.535 15.8 27.33 15.84 25.585 15.675C25.455 15.68 25.375 15.59 25.375 15.49L25.37 15.495ZM24.925 9.085C25.205 9.975 25.915 10.67 26.88 10.67C29.07 10.67 29.125 8.435 29.125 8.125C29.125 7.815 29.065 5.595 26.88 5.595C25.92 5.595 25.205 6.305 24.925 7.18C24.835 7.445 24.76 7.815 24.76 8.13C24.76 8.445 24.84 8.805 24.925 9.085ZM32.08 7.355C32.08 6.16 32.64 5.475 33.085 5C33.69 4.41 34.565 4.02 35.54 4.02C35.685 4.02 36.22 4.035 36.475 4.12C36.655 4.15 36.7 4.255 36.7 4.49V5.45C36.7 5.64 36.555 5.75 36.375 5.715C34.85 5.39 33.92 6.06 33.92 7.475V12.02C33.92 12.155 33.8 12.23 33.665 12.23H32.335C32.19 12.23 32.08 12.155 32.08 12.02V7.35V7.355ZM37.79 5.625C38.545 4.575 39.755 4.03 41.015 4.03C42.275 4.03 43.5 4.575 44.285 5.625C44.8 6.335 45.055 7.255 45.055 8.125C45.055 8.995 44.8 9.915 44.285 10.655C43.5 11.69 42.285 12.225 41.015 12.225C39.745 12.225 38.545 11.69 37.79 10.655C37.255 9.915 36.99 9.025 36.99 8.125C36.99 7.225 37.255 6.34 37.79 5.625ZM39.065 9.085C39.375 9.975 40.055 10.67 41.02 10.67C41.985 10.67 42.705 9.975 43.005 9.085C43.095 8.805 43.17 8.45 43.17 8.125C43.17 7.815 43.095 7.445 43.005 7.175C42.705 6.305 41.98 5.59 41.02 5.59C40.06 5.59 39.38 6.3 39.065 7.175C38.965 7.44 38.92 7.81 38.92 8.125C38.915 8.45 38.96 8.805 39.065 9.085Z" fill="#FF5A00" />
<path d="M50.05 12.29C49.52 12.29 49.095 11.87 49.095 11.335V3.975C49.095 3.445 49.515 3.02 50.05 3.02H53.51C55.94 3.03 56.875 4.075 56.875 5.535C56.875 6.375 56.545 7 55.915 7.395C56.86 7.765 57.365 8.495 57.365 9.585C57.365 11.205 56.175 12.285 54.18 12.285H50.05V12.29ZM53.625 6.86C54.5 6.86 54.965 6.51 54.965 5.835C54.965 5.16 54.5 4.81 53.625 4.81H51.005V6.86H53.625ZM54.115 10.52C54.995 10.52 55.455 10.15 55.455 9.435C55.455 8.72 54.99 8.35 54.115 8.35H51.005V10.51H54.115V10.52Z" fill="#fff" />
<path d="M59.77 2.89C60.35 2.89 60.835 3.375 60.835 3.955C60.835 4.535 60.35 5.02 59.77 5.02C59.19 5.02 58.705 4.535 58.705 3.955C58.705 3.375 59.19 2.89 59.77 2.89ZM62.96 12.43C60.3 12.43 58.815 10.805 58.815 8.13V6.64C58.815 6.11 59.235 5.685 59.77 5.685C60.305 5.685 60.725 6.105 60.725 6.64V7.855C60.725 9.54 61.61 10.59 63.085 10.59C64.56 10.59 65.39 9.54 65.39 7.855V3.845C65.39 3.315 65.8 2.89 66.315 2.89C66.83 2.89 67.24 3.31 67.24 3.845V8.025C67.235 10.805 65.615 12.43 62.955 12.43H62.96Z" fill="#fff" />
<path d="M72.025 12.43C70.745 12.43 68.715 12.14 68.715 10.96C68.715 10.45 69.095 10.065 69.625 10.065C69.9 10.065 70.115 10.175 70.375 10.3C70.765 10.495 71.255 10.745 72.24 10.745C73.415 10.745 74.085 10.38 74.085 9.73C74.085 8.065 68.875 9.21 68.875 5.83C68.875 4.01 70.265 2.89 72.865 2.89C73.955 2.89 75.68 3.09 75.68 4.25C75.68 4.775 75.3 5.145 74.775 5.145C74.515 5.145 74.345 5.06 74.14 4.95C73.835 4.79 73.455 4.595 72.59 4.595C71.435 4.595 70.815 4.94 70.815 5.575C70.815 7.475 76.055 6.11 76.055 9.53C76.05 11.28 74.58 12.43 72.025 12.43Z" fill="#fff" />
<path d="M78.37 2.89C78.9 2.89 79.325 3.31 79.325 3.845V11.475C79.325 12.005 78.905 12.43 78.37 12.43C77.835 12.43 77.415 12.01 77.415 11.475V3.845C77.415 3.31 77.84 2.89 78.37 2.89Z" fill="#fff" />
<path d="M82.215 2.89C82.705 2.89 82.91 3.195 83.14 3.465L88.04 9.095V3.775C88.04 3.28 88.43 2.89 88.925 2.89C89.42 2.89 89.81 3.28 89.81 3.775V11.475C89.81 12.005 89.39 12.43 88.855 12.43C88.32 12.43 88.175 12.175 87.895 11.855L83 6.21V11.54C83 12.035 82.61 12.425 82.115 12.425C81.62 12.425 81.23 12.035 81.23 11.54V3.845C81.23 3.31 81.64 2.89 82.215 2.89Z" fill="#fff" />
<path d="M91.725 11.335V3.975C91.725 3.445 92.145 3.02 92.68 3.02H98.185C98.68 3.02 99.07 3.41 99.07 3.905C99.07 4.4 98.68 4.79 98.185 4.79H93.635V6.715H97.645C98.14 6.715 98.53 7.105 98.53 7.6C98.53 8.095 98.14 8.485 97.645 8.485H93.635V10.52H98.32C98.815 10.52 99.205 10.91 99.205 11.405C99.205 11.9 98.815 12.29 98.32 12.29H92.675C92.14 12.285 91.72 11.865 91.72 11.33L91.725 11.335Z" fill="#fff" />
<path d="M103.5 12.43C102.22 12.43 100.19 12.14 100.19 10.96C100.19 10.45 100.57 10.065 101.1 10.065C101.375 10.065 101.59 10.175 101.85 10.3C102.24 10.495 102.73 10.745 103.715 10.745C104.89 10.745 105.56 10.38 105.56 9.73C105.56 8.065 100.35 9.21 100.35 5.83C100.35 4.01 101.74 2.89 104.34 2.89C105.43 2.89 107.155 3.09 107.155 4.25C107.155 4.775 106.775 5.145 106.25 5.145C105.99 5.145 105.82 5.06 105.615 4.95C105.31 4.79 104.93 4.595 104.065 4.595C102.91 4.595 102.29 4.94 102.29 5.575C102.29 7.475 107.53 6.11 107.53 9.53C107.525 11.28 106.06 12.43 103.5 12.43Z" fill="#fff" />
<path d="M111.61 12.43C110.33 12.43 108.3 12.14 108.3 10.96C108.3 10.45 108.68 10.065 109.21 10.065C109.485 10.065 109.7 10.175 109.96 10.3C110.35 10.495 110.84 10.745 111.825 10.745C113 10.745 113.67 10.38 113.67 9.73C113.67 8.065 108.46 9.21 108.46 5.83C108.46 4.01 109.85 2.89 112.45 2.89C113.54 2.89 115.265 3.09 115.265 4.25C115.265 4.775 114.885 5.145 114.36 5.145C114.1 5.145 113.93 5.06 113.725 4.95C113.42 4.79 113.04 4.595 112.175 4.595C111.02 4.595 110.4 4.94 110.4 5.575C110.4 7.475 115.64 6.11 115.64 9.53C115.635 11.28 114.17 12.43 111.61 12.43Z" fill="#fff" />
</g>
<defs>
<clipPath id="clip0_10637_54872">
<rect width="116" height="16" fill="white" />
</clipPath>
</defs>
</svg>
